SRS = EPSG:32611
DOMAIN_TE = 258377.739224208 3778911.58200856 318377.739224208 3838911.58200856
WX_TE = 252377.739224208 3772911.58200856 324377.739224208 3844911.58200856
WX_BEGIN =  2017-12-05 00:00
WX_END = 2017-12-06 00:00
CENTER_LON = -119.30220031738281
CENTER_LAT = 34.400001525878906
